-1.224024528659525990e-06
-3.676710829833477550e-06
-6.132011003574114810e-06
-8.585616786113953164e-06
-1.103319196572696101e-05
-1.347037356172760209e-05
-1.589277312021555508e-05
-1.829597815929380429e-05
-2.067555379613596783e-05
-2.302704458773383291e-05
-2.534597661642041969e-05
-2.762785985031496755e-05
-2.986819080771547599e-05
-3.206245555313002812e-05
-3.420613305114104529e-05
-3.629469890259463366e-05
-3.832362948575305915e-05
-4.028840652300365961e-05
-4.218452209153020671e-05
-4.400748409399904556e-05
-4.575282220281888854e-05
-4.741609428890972307e-05
-4.899289334315804184e-05
-5.047885489587436078e-05
-5.186966493659781531e-05
-5.316106833353776361e-05
-5.434887774880318122e-05
-5.542898304237573788e-05
-5.639736115452654121e-05
-5.725008645309453650e-05
-5.798334152873047106e-05
-5.859342841789231415e-05
-5.907678023006804850e-05
-5.942997315240799820e-05
-5.964973880169593880e-05
-5.973297689038326665e-05
-5.967676817027485589e-05
-5.947838761439787656e-05
-5.913531779462558491e-05
-5.864526240977789920e-05
-5.800615991619962643e-05
-5.721619721022812392e-05
-5.627382330953599270e-05
-5.517776297806522559e-05
-5.392703023718889259e-05
-5.252094170383865909e-05
-5.095912969465321492e-05
-4.924155503372257362e-05
-4.736851950026262314e-05
-4.534067785153559976e-05
-4.315904935556860055e-05
-4.082502876771012054e-05
-3.834039668480342258e-05
-3.570732921078123730e-05
-3.292840686776015970e-05
-3.000662268729034830e-05
-2.694538941724913231e-05
-2.374854578101113814e-05
-2.042036172692842397e-05
-1.696554260787137890e-05
-1.338923223255650371e-05
-9.697014732667783989e-06
-5.894915192334564604e-06
-1.989398989351373405e-06
2.012630199351975618e-06
6.103833772125759844e-06
1.027644299738371651e-05
1.452226526536821492e-05
1.883269182936174831e-05
2.319870706446403993e-05
2.761089926745003388e-05
3.205947301644435836e-05
3.653426310414576269e-05
4.102475005315985945e-05
4.552007721666739094e-05
5.000906946214407340e-05
5.448025343023874282e-05
5.892187935515213782e-05
6.332194442703132969e-05
6.766821767095274466e-05
7.194826631109761434e-05
7.614948358268007673e-05
8.025911794815873213e-05
8.426430366820347588e-05
8.815209267187045449e-05
9.190948766446525062e-05
9.552347640564671659e-05
9.898106708451497873e-05
1.022693247126951879e-04
1.053754084508598180e-04
1.082866097786900115e-04
1.109903914130345450e-04
1.134744268739597690e-04
1.157266405935562374e-04
1.177352484577653312e-04
1.194887986671574115e-04
1.209762127985396826e-04
1.221868269455134073e-04
1.231104328126732391e-04
1.237373186350361194e-04
1.240583097915485037e-04
1.240648089791493317e-04
1.237488358118758139e-04
1.231030657079170028e-04
1.221208679263485243e-04
1.207963426145295343e-04
1.191243567268458368e-04
1.171005786756043154e-04
1.147215115754923509e-04
1.119845249440540769e-04
1.088878847221721536e-04
1.054307814805198750e-04
1.016133566804341482e-04
9.743672686058435582e-05
9.290300562424265017e-05
8.801532330585314860e-05
8.277784419994438966e-05
7.719578124027885778e-05
7.127540802239283439e-05
6.502406806844029485e-05
5.845018123940429400e-05
5.156324720637047349e-05
4.437384589954968965e-05
3.689363486118997975e-05
2.913534343629723146e-05
2.111276374327911682e-05
1.284073837515467469e-05
4.335144790804958556e-06
-4.387123635062405334e-06
-1.330817992515419794e-05
-2.240916918821044717e-05
-3.167029768527249622e-05
-4.107086526568171390e-05
-5.058930115460239462e-05
-6.020320306334119975e-05
-6.988937958317028296e-05
-7.962389581264653490e-05
-8.938212215766671903e-05
-9.913878623274263301e-05
-1.088680277811705544e-04
-1.185434565210746527e-04
-1.281382128136003453e-04
-1.376250310390179248e-04
-1.469763055560402920e-04
-1.561641591094580081e-04
-1.651605135411218425e-04
-1.739371626495488977e-04
-1.824658470338974038e-04
-1.907183307488494910e-04
-1.986664795881091735e-04
-2.062823408057087285e-04
-2.135382240762812803e-04
-2.204067834877922801e-04
-2.268611003530975718e-04
-2.328747666200045043e-04
-2.384219686534116316e-04
-2.434775711575087398e-04
-2.480172010010423152e-04
-2.520173307042642081e-04
-2.554553613424281194e-04
-2.583097046176079364e-04
-2.605598638481795631e-04
-2.621865136235784831e-04
-2.631715778709190628e-04
-2.634983060797625861e-04
-2.631513474317536024e-04
-2.621168225830263886e-04
-2.603823928492230702e-04
-2.579373265456692691e-04
-2.547725622387141966e-04
-2.508807686684929347e-04
-2.462564011083674762e-04
-2.408957539320944114e-04
-2.347970091662918255e-04
-2.279602808131032184e-04
-2.203876547359742883e-04
-2.120832239102773725e-04
-2.030531188499967341e-04
-1.933055330319254084e-04
-1.828507431497305275e-04
-1.717011240417981967e-04
-1.598711581490275529e-04
-1.473774393715397430e-04
-1.342386712067574763e-04
-1.204756590652550900e-04
-1.061112966753728138e-04
-9.117054650256353624e-05
-7.568041412500164575e-05
-5.966991652284959249e-05
-4.317004425494597555e-05
-2.621371751330873139e-05
-8.835736062831693718e-06
8.927276909219068179e-06
2.703693699184878832e-05
4.545316673745010693e-05
6.413426975995807080e-05
8.303701064881404965e-05
1.021167005856506729e-04
1.213272885327942407e-04
1.406214578449359082e-04
1.599507281377054427e-04
1.792655622294403439e-04
1.985154779552350882e-04
2.176491646354275673e-04
2.366146039640819885e-04
2.553591950668332704e-04
2.738298834616645122e-04
2.919732936409278755e-04
3.097358649781633156e-04
3.270639906491083142e-04
3.439041592427795183e-04
3.602030987256526736e-04
3.759079224098694377e-04
3.909662765650475801e-04
4.053264893027549586e-04
4.189377203530423839e-04
4.317501113436496372e-04
4.437149361846776325e-04
4.547847511546374748e-04
4.649135442779361014e-04
4.740568835790108363e-04
4.821720637945693493e-04
4.892182511226954777e-04
4.951566255860128567e-04
4.999505205856546444e-04
5.035655592234881354e-04
5.059697869719116756e-04
5.071338002735798238e-04
5.070308706576324726e-04
5.056370639644158739e-04
5.029313542772736144e-04
4.988957321677833920e-04
4.935153068697670448e-04
4.867784020075657933e-04
4.786766445153589795e-04
4.692050463967865231e-04
4.583620789877063226e-04
4.461497393996292655e-04
4.325736088371635261e-04
4.176429024996426427e-04
4.013705107949858586e-04
3.837730316127146838e-04
3.648707934228643504e-04
3.446878689882781877e-04
3.232520794993816882e-04
3.005949889629727146e-04
2.767518886997872565e-04
2.517617718295253994e-04
2.256672976466641851e-04
1.985147458155818228e-04
1.703539603393181457e-04
1.412382832825666941e-04
1.112244782561967618e-04
8.037264369767688926e-05
4.874611600913473651e-05
1.641136264238339328e-05
-1.656213475200616223e-05
-5.010200696666030365e-05
-8.413313349763554229e-05
-1.185777882223465913e-04
-1.533557942669955558e-04
-1.883846878078382630e-04
-2.235798905234743876e-04
-2.588548903885480330e-04
-2.941214304728853634e-04
-3.292897053842436619e-04
-3.642685649675866597e-04
-3.989657248491925898e-04
-4.332879833900299708e-04
-4.671414445897883972e-04
-5.004317464607294574e-04
-5.330642943693137325e-04
-5.649444988233102982e-04
-5.959780171629472162e-04
-6.260709985966582186e-04
-6.551303320051631322e-04
-6.830638959220952221e-04
-7.097808100851434130e-04
-7.351916879388437510e-04
-7.592088894587210174e-04
-7.817467736565156342e-04
-8.027219501177947168e-04
-8.220535289163601435e-04
-8.396633682445562002e-04
-8.554763190949225566e-04
-8.694204663266035058e-04
-8.814273654496015183e-04
-8.914322744613113704e-04
-8.993743800728632495e-04
-9.051970176676005101e-04
-9.088478843405836801e-04
-9.102792443762874929e-04
-9.094481265317127172e-04
-9.063165125038883958e-04
-9.008515159742616196e-04
-8.930255516376710712e-04
-8.828164936405277861e-04
-8.702078228713959257e-04
-8.551887625674103660e-04
-8.377544017217948428e-04
-8.179058058011784513e-04
-7.956501143063333470e-04
-7.710006247364273963e-04
-7.439768625447421534e-04
-7.146046367030717533e-04
-6.829160805226189464e-04
-6.489496774110442611e-04
-6.127502712783870287e-04
-5.743690613387439012e-04
-5.338635810898369281e-04
-4.912976612888130109e-04
-4.467413767797021214e-04
-4.002709770659292369e-04
-3.519688005598849601e-04
-3.019231724808675360e-04
-2.502282864125464205e-04
-1.969840695713840912e-04
-1.422960318781040054e-04
-8.627509896520089885e-05
-2.903742929455812333e-05
2.929578439963417420e-05
8.859852908636579156e-05
1.487402005345045181e-04
2.095858471927443227e-04
2.709964284745730069e-04
3.328290870301004465e-04
3.949374345472730463e-04
4.571718505863396208e-04
5.193797939135317470e-04
5.814061257628984911e-04
6.430934444191657110e-04
7.042824304795087869e-04
7.648122021182791669e-04
8.245206796461994813e-04
8.832449586242574913e-04
9.408216907628325640e-04
9.970874718083033803e-04
1.051879235592776980e-03
1.105034653397661895e-03
1.156392537758649686e-03
1.205793249818388558e-03
1.253079109313747115e-03
1.298094806267175274e-03
1.340687813436371124e-03
1.380708798563170690e-03
1.418012035451575448e-03
1.452455812895931840e-03
1.483902840473684190e-03
1.512220650212804272e-03
1.537281993142007586e-03
1.558965229732204010e-03
1.577154713240380268e-03
1.591741164972181564e-03
1.602622040487010390e-03
1.609701885779327331e-03
1.612892682482158779e-03
1.612114181153514927e-03
1.607294221723493512e-03
1.598369040199261980e-03
1.585283560746901001e-03
1.567991672293141863e-03
1.546456488816372668e-03
1.520650592524834446e-03
1.490556259150676481e-03
1.456165664621363737e-03
1.417481072404865906e-03
1.374515000861940492e-03
1.327290369977642773e-03
1.275840626884914078e-03
1.220209849635474049e-03
1.160452828717423212e-03
1.096635125864633921e-03
1.028833109750237809e-03
9.571339682050927994e-04
8.816356966520402794e-04
8.024470624977960787e-04
7.196875452764975615e-04
6.334872523920278111e-04
5.439868103601513700e-04
4.513372315062201784e-04
3.556997561294006935e-04
2.572456702001474620e-04
1.561560987137018317e-04
5.262177487865743101e-05
-5.315721462395040664e-05
-1.609717080193172345e-04
-2.706037701074259197e-04
-3.818270168178070773e-04
-4.944069621914470381e-04
-6.081013872760471662e-04
-7.226607303667053435e-04
-8.378284979709478856e-04
-9.533416958247601346e-04
-1.068931279235139096e-03
-1.184322621974846432e-03
-1.299236002906427974e-03
-1.413387109465610294e-03
-1.526487557088687880e-03
-1.638245423624820098e-03
-1.748365797732297092e-03
-1.856551340217851408e-03
-1.962502857240269304e-03
-2.065919884263806103e-03
-2.166501279613448211e-03
-2.263945826452919401e-03
-2.357952841977715378e-03
-2.448222792589160434e-03
-2.534457913792026364e-03
-2.616362833537271004e-03
-2.693645197713282098e-03
-2.766016296473678988e-03
-2.833191690077102760e-03
-2.894891832904851990e-03
-2.950842694315451448e-03
-3.000776374991533622e-03
-3.044431717433624882e-03
-3.081554909257689344e-03
-3.111900077958601289e-03
-3.135229875809977720e-03
-3.151316053582199801e-03
-3.159940021774804153e-03
-3.160893398076786934e-03
-3.153978539788776167e-03
-3.139009059964296012e-03
-3.115810326053630383e-03
-3.084219939862884591e-03
-3.044088197672803388e-03
-2.995278529396605636e-03
-2.937667915693518549e-03
-2.871147281994724989e-03
-2.795621868441079769e-03
-2.711011574776967057e-03
-2.617251279292190629e-03
-2.514291130953495105e-03
-2.402096813919253442e-03
-2.280649783684865744e-03
-2.149947474162388315e-03
-2.010003475055734557e-03
-1.860847678952300740e-03
-1.702526397613090452e-03
-1.535102447005931179e-03
-1.358655200690374104e-03
-1.173280611228014018e-03
-9.790911993581017173e-04
-7.762160107454814731e-04
-5.648005401756921130e-04
-3.450066231405388129e-04
-1.170122948263958650e-04
1.189883834133140846e-04
3.627855299506623095e-04
6.141536809205387984e-04
8.728520601134437612e-04
1.138624880365435256e-03
1.411201676018605626e-03
1.690297665957692097e-03
1.975614146661404044e-03
2.266838914641057957e-03
2.563646717574218081e-03
2.865699733377216792e-03
3.172648076398319663e-03
3.484130329852360916e-03
3.799774103558704267e-03
4.119196615987118400e-03
4.442005299560776097e-03
4.767798428112416352e-03
5.096165765338721808e-03
5.426689233049140047e-03
5.758943597959355516e-03
6.092497175735687824e-03
6.426912550955853759e-03
6.761747311613257143e-03
7.096554796756418364e-03
7.430884855822902577e-03
7.764284618197548477e-03
8.096299271498470784e-03
8.426472847071209138e-03
8.754349011151345283e-03
9.079471860139387215e-03
9.401386718418183741e-03
9.719640937133348230e-03
1.003378469235043612e-02
1.034337178099947914e-02
1.064796041301774472e-02
1.094711399810523178e-02
1.124040192551459434e-02
1.152740033530755097e-02
1.180769287952406280e-02
1.208087147172752854e-02
1.234653702341028184e-02
1.260430016576732579e-02
1.285378195537374355e-02
1.309461456233150869e-02
1.332644193948504668e-02
1.354892047134162621e-02
1.376171960137224405e-02
1.396452243641121103e-02
1.415702632691816405e-02
1.433894342191423428e-02
1.451000119745481272e-02
1.466994295755472480e-02
1.481852830653714731e-02
1.495553359183552158e-02
1.508075231633783202e-02
1.519399551942462838e-02
1.529509212591613661e-02
1.538388926220948458e-02
1.546025253895436276e-02
1.552406629968409481e-02
1.557523383488920894e-02
1.561367756109164652e-02
1.563933916454993481e-02
1.565217970929858385e-02
1.565217970929858385e-02
1.563933916454993481e-02
1.561367756109164825e-02
1.557523383488920894e-02
1.552406629968409481e-02
1.546025253895436276e-02
1.538388926220948458e-02
1.529509212591613661e-02
1.519399551942462838e-02
1.508075231633783202e-02
1.495553359183552158e-02
1.481852830653714731e-02
1.466994295755472480e-02
1.451000119745481272e-02
1.433894342191423428e-02
1.415702632691816405e-02
1.396452243641121103e-02
1.376171960137224405e-02
1.354892047134162794e-02
1.332644193948504668e-02
1.309461456233150869e-02
1.285378195537374355e-02
1.260430016576732579e-02
1.234653702341028184e-02
1.208087147172752854e-02
1.180769287952406280e-02
1.152740033530755097e-02
1.124040192551459434e-02
1.094711399810523178e-02
1.064796041301774472e-02
1.034337178099947914e-02
1.003378469235043612e-02
9.719640937133348230e-03
9.401386718418183741e-03
9.079471860139387215e-03
8.754349011151345283e-03
8.426472847071209138e-03
8.096299271498470784e-03
7.764284618197549344e-03
7.430884855822902577e-03
7.096554796756418364e-03
6.761747311613257143e-03
6.426912550955853759e-03
6.092497175735687824e-03
5.758943597959355516e-03
5.426689233049140047e-03
5.096165765338721808e-03
4.767798428112417219e-03
4.442005299560776097e-03
4.119196615987118400e-03
3.799774103558704267e-03
3.484130329852361350e-03
3.172648076398319663e-03
2.865699733377216792e-03
2.563646717574218081e-03
2.266838914641057957e-03
1.975614146661404044e-03
1.690297665957692097e-03
1.411201676018605626e-03
1.138624880365435256e-03
8.728520601134437612e-04
6.141536809205387984e-04
3.627855299506623095e-04
1.189883834133140982e-04
-1.170122948263958650e-04
-3.450066231405388129e-04
-5.648005401756921130e-04
-7.762160107454814731e-04
-9.790911993581017173e-04
-1.173280611228014018e-03
-1.358655200690374104e-03
-1.535102447005931179e-03
-1.702526397613090452e-03
-1.860847678952300740e-03
-2.010003475055734557e-03
-2.149947474162388315e-03
-2.280649783684865744e-03
-2.402096813919253442e-03
-2.514291130953495105e-03
-2.617251279292191497e-03
-2.711011574776967057e-03
-2.795621868441079769e-03
-2.871147281994724989e-03
-2.937667915693518549e-03
-2.995278529396605636e-03
-3.044088197672803388e-03
-3.084219939862884591e-03
-3.115810326053630383e-03
-3.139009059964296012e-03
-3.153978539788776167e-03
-3.160893398076786934e-03
-3.159940021774804153e-03
-3.151316053582200235e-03
-3.135229875809977720e-03
-3.111900077958601289e-03
-3.081554909257689344e-03
-3.044431717433624882e-03
-3.000776374991533622e-03
-2.950842694315451448e-03
-2.894891832904851990e-03
-2.833191690077103194e-03
-2.766016296473678988e-03
-2.693645197713282098e-03
-2.616362833537271004e-03
-2.534457913792026798e-03
-2.448222792589160434e-03
-2.357952841977715378e-03
-2.263945826452919401e-03
-2.166501279613448645e-03
-2.065919884263806103e-03
-1.962502857240269304e-03
-1.856551340217851408e-03
-1.748365797732297526e-03
-1.638245423624820098e-03
-1.526487557088687880e-03
-1.413387109465610294e-03
-1.299236002906428190e-03
-1.184322621974846432e-03
-1.068931279235139096e-03
-9.533416958247601346e-04
-8.378284979709481025e-04
-7.226607303667053435e-04
-6.081013872760471662e-04
-4.944069621914470381e-04
-3.818270168178071315e-04
-2.706037701074259197e-04
-1.609717080193172345e-04
-5.315721462395040664e-05
5.262177487865743101e-05
1.561560987137018859e-04
2.572456702001474620e-04
3.556997561294006935e-04
4.513372315062201784e-04
5.439868103601514784e-04
6.334872523920278111e-04
7.196875452764975615e-04
8.024470624977960787e-04
8.816356966520404962e-04
9.571339682050927994e-04
1.028833109750237809e-03
1.096635125864633704e-03
1.160452828717423212e-03
1.220209849635474049e-03
1.275840626884914078e-03
1.327290369977642773e-03
1.374515000861940492e-03
1.417481072404866340e-03
1.456165664621363737e-03
1.490556259150676048e-03
1.520650592524834446e-03
1.546456488816372668e-03
1.567991672293141863e-03
1.585283560746901001e-03
1.598369040199262197e-03
1.607294221723493946e-03
1.612114181153514927e-03
1.612892682482158346e-03
1.609701885779327331e-03
1.602622040487010390e-03
1.591741164972181564e-03
1.577154713240380268e-03
1.558965229732204444e-03
1.537281993142007802e-03
1.512220650212804489e-03
1.483902840473683756e-03
1.452455812895931840e-03
1.418012035451575448e-03
1.380708798563170690e-03
1.340687813436371124e-03
1.298094806267175707e-03
1.253079109313747549e-03
1.205793249818388991e-03
1.156392537758649686e-03
1.105034653397661678e-03
1.051879235592776980e-03
9.970874718083033803e-04
9.408216907628325640e-04
8.832449586242574913e-04
8.245206796461995898e-04
7.648122021182792753e-04
7.042824304795088954e-04
6.430934444191654942e-04
5.814061257628984911e-04
5.193797939135317470e-04
4.571718505863396208e-04
3.949374345472730463e-04
3.328290870301004465e-04
2.709964284745731153e-04
2.095858471927443769e-04
1.487402005345044909e-04
8.859852908636579156e-05
2.929578439963417420e-05
-2.903742929455812333e-05
-8.627509896520089885e-05
-1.422960318781040054e-04
-1.969840695713841183e-04
-2.502282864125465289e-04
-3.019231724808674818e-04
-3.519688005598849059e-04
-4.002709770659292369e-04
-4.467413767797021214e-04
-4.912976612888131193e-04
-5.338635810898370365e-04
-5.743690613387441180e-04
-6.127502712783872455e-04
-6.489496774110441527e-04
-6.829160805226186211e-04
-7.146046367030717533e-04
-7.439768625447421534e-04
-7.710006247364275048e-04
-7.956501143063333470e-04
-8.179058058011786682e-04
-8.377544017217950596e-04
-8.551887625674100407e-04
-8.702078228713959257e-04
-8.828164936405276777e-04
-8.930255516376710712e-04
-9.008515159742616196e-04
-9.063165125038886126e-04
-9.094481265317129340e-04
-9.102792443762878181e-04
-9.088478843405837886e-04
-9.051970176676004017e-04
-8.993743800728631410e-04
-8.914322744613113704e-04
-8.814273654496015183e-04
-8.694204663266036142e-04
-8.554763190949227734e-04
-8.396633682445565254e-04
-8.220535289163604688e-04
-8.027219501177946083e-04
-7.817467736565154174e-04
-7.592088894587210174e-04
-7.351916879388437510e-04
-7.097808100851435214e-04
-6.830638959220953306e-04
-6.551303320051633490e-04
-6.260709985966584354e-04
-5.959780171629471077e-04
-5.649444988233101898e-04
-5.330642943693137325e-04
-5.004317464607294574e-04
-4.671414445897885057e-04
-4.332879833900299708e-04
-3.989657248491927525e-04
-3.642685649675867681e-04
-3.292897053842436077e-04
-2.941214304728853091e-04
-2.588548903885480330e-04
-2.235798905234743876e-04
-1.883846878078382901e-04
-1.533557942669955829e-04
-1.185777882223466319e-04
-8.413313349763556939e-05
-5.010200696666029010e-05
-1.656213475200615884e-05
1.641136264238338989e-05
4.874611600913473651e-05
8.037264369767688926e-05
1.112244782561967889e-04
1.412382832825667212e-04
1.703539603393182270e-04
1.985147458155819041e-04
2.256672976466641309e-04
2.517617718295253452e-04
2.767518886997872565e-04
3.005949889629727146e-04
3.232520794993817967e-04
3.446878689882781877e-04
3.648707934228645131e-04
3.837730316127148465e-04
4.013705107949857502e-04
4.176429024996425343e-04
4.325736088371635261e-04
4.461497393996292655e-04
4.583620789877063768e-04
4.692050463967866315e-04
4.786766445153591964e-04
4.867784020075659559e-04
4.935153068697669364e-04
4.988957321677831751e-04
5.029313542772736144e-04
5.056370639644158739e-04
5.070308706576325810e-04
5.071338002735800406e-04
5.059697869719118925e-04
5.035655592234883522e-04
4.999505205856546444e-04
4.951566255860127483e-04
4.892182511226954777e-04
4.821720637945693493e-04
4.740568835790109447e-04
4.649135442779361556e-04
4.547847511546376916e-04
4.437149361846778493e-04
4.317501113436495288e-04
4.189377203530422755e-04
4.053264893027549586e-04
3.909662765650475801e-04
3.759079224098694377e-04
3.602030987256527278e-04
3.439041592427796268e-04
3.270639906491085310e-04
3.097358649781633698e-04
2.919732936409278213e-04
2.738298834616644038e-04
2.553591950668332704e-04
2.366146039640819885e-04
2.176491646354276215e-04
1.985154779552351153e-04
1.792655622294404253e-04
1.599507281377055511e-04
1.406214578449358811e-04
1.213272885327941865e-04
1.021167005856506729e-04
8.303701064881404965e-05
6.413426975995808435e-05
4.545316673745011370e-05
2.703693699184880187e-05
8.927276909219073261e-06
-8.835736062831690330e-06
-2.621371751330872123e-05
-4.317004425494597555e-05
-5.966991652284959249e-05
-7.568041412500167286e-05
-9.117054650256354979e-05
-1.061112966753728680e-04
-1.204756590652551442e-04
-1.342386712067574763e-04
-1.473774393715397430e-04
-1.598711581490275529e-04
-1.717011240417981967e-04
-1.828507431497305275e-04
-1.933055330319254084e-04
-2.030531188499968426e-04
-2.120832239102775352e-04
-2.203876547359742883e-04
-2.279602808131032184e-04
-2.347970091662918255e-04
-2.408957539320944114e-04
-2.462564011083674762e-04
-2.508807686684929347e-04
-2.547725622387141966e-04
-2.579373265456693775e-04
-2.603823928492232328e-04
-2.621168225830263886e-04
-2.631513474317536024e-04
-2.634983060797625861e-04
-2.631715778709190628e-04
-2.621865136235784831e-04
-2.605598638481797257e-04
-2.583097046176080990e-04
-2.554553613424282279e-04
-2.520173307042642081e-04
-2.480172010010423152e-04
-2.434775711575087398e-04
-2.384219686534116316e-04
-2.328747666200045043e-04
-2.268611003530977073e-04
-2.204067834877924698e-04
-2.135382240762814701e-04
-2.062823408057087285e-04
-1.986664795881091735e-04
-1.907183307488494910e-04
-1.824658470338974038e-04
-1.739371626495488977e-04
-1.651605135411218425e-04
-1.561641591094581165e-04
-1.469763055560403733e-04
-1.376250310390178706e-04
-1.281382128136003453e-04
-1.185434565210746527e-04
-1.088680277811705544e-04
-9.913878623274263301e-05
-8.938212215766671903e-05
-7.962389581264657555e-05
-6.988937958317031007e-05
-6.020320306334117264e-05
-5.058930115460239462e-05
-4.107086526568171390e-05
-3.167029768527249622e-05
-2.240916918821044717e-05
-1.330817992515419794e-05
-4.387123635062408722e-06
4.335144790804960250e-06
1.284073837515468486e-05
2.111276374327911682e-05
2.913534343629723146e-05
3.689363486118997975e-05
4.437384589954968965e-05
5.156324720637047349e-05
5.845018123940432788e-05
6.502406806844032196e-05
7.127540802239287505e-05
7.719578124027885778e-05
8.277784419994438966e-05
8.801532330585314860e-05
9.290300562424265017e-05
9.743672686058435582e-05
1.016133566804342024e-04
1.054307814805199698e-04
1.088878847221722078e-04
1.119845249440540769e-04
1.147215115754923509e-04
1.171005786756043154e-04
1.191243567268458368e-04
1.207963426145295343e-04
1.221208679263485243e-04
1.231030657079171383e-04
1.237488358118758952e-04
1.240648089791492232e-04
1.240583097915485037e-04
1.237373186350361194e-04
1.231104328126732391e-04
1.221868269455134073e-04
1.209762127985396826e-04
1.194887986671575063e-04
1.177352484577653719e-04
1.157266405935561561e-04
1.134744268739597690e-04
1.109903914130345450e-04
1.082866097786900115e-04
1.053754084508598180e-04
1.022693247126951879e-04
9.898106708451501938e-05
9.552347640564679790e-05
9.190948766446516930e-05
8.815209267187045449e-05
8.426430366820347588e-05
8.025911794815873213e-05
7.614948358268007673e-05
7.194826631109761434e-05
6.766821767095279887e-05
6.332194442703138390e-05
5.892187935515218525e-05
5.448025343023874282e-05
5.000906946214407340e-05
4.552007721666739094e-05
4.102475005315985945e-05
3.653426310414576269e-05
3.205947301644438547e-05
2.761089926745004743e-05
2.319870706446405009e-05
1.883269182936172798e-05
1.452226526536821492e-05
1.027644299738371651e-05
6.103833772125759844e-06
2.012630199351975618e-06
-1.989398989351375523e-06
-5.894915192334567145e-06
-9.697014732667794153e-06
-1.338923223255649693e-05
-1.696554260787137890e-05
-2.042036172692842397e-05
-2.374854578101113814e-05
-2.694538941724913231e-05
-3.000662268729036185e-05
-3.292840686776019358e-05
-3.570732921078125763e-05
-3.834039668480340225e-05
-4.082502876771012054e-05
-4.315904935556860055e-05
-4.534067785153559976e-05
-4.736851950026262314e-05
-4.924155503372257362e-05
-5.095912969465324880e-05
-5.252094170383869297e-05
-5.392703023718885871e-05
-5.517776297806522559e-05
-5.627382330953599270e-05
-5.721619721022812392e-05
-5.800615991619962643e-05
-5.864526240977789920e-05
-5.913531779462561879e-05
-5.947838761439791044e-05
-5.967676817027485589e-05
-5.973297689038326665e-05
-5.964973880169593880e-05
-5.942997315240799820e-05
-5.907678023006804850e-05
-5.859342841789231415e-05
-5.798334152873050495e-05
-5.725008645309457038e-05
-5.639736115452654121e-05
-5.542898304237573788e-05
-5.434887774880318122e-05
-5.316106833353776361e-05
-5.186966493659781531e-05
-5.047885489587436078e-05
-4.899289334315804184e-05
-4.741609428890975695e-05
-4.575282220281888854e-05
-4.400748409399904556e-05
-4.218452209153020671e-05
-4.028840652300365961e-05
-3.832362948575305915e-05
-3.629469890259463366e-05
-3.420613305114104529e-05
-3.206245555313002812e-05
-2.986819080771547599e-05
-2.762785985031496755e-05
-2.534597661642041969e-05
-2.302704458773383291e-05
-2.067555379613596783e-05
-1.829597815929380429e-05
-1.589277312021555508e-05
-1.347037356172760209e-05
-1.103319196572696101e-05
-8.585616786113953164e-06
-6.132011003574114810e-06
-3.676710829833477550e-06
-1.224024528659525990e-06
